2.828427124746189
4.242640687119286
-4.242640687119285
-2.828427124746191
-3.3306690738754696e-16
1.414213562373095
-4.242640687119285
-2.828427124746191
1.4142135623730943
2.8284271247461903
-2.82842712474619
-1.4142135623730954
4.242640687119284
5.656854249492381
-3.3306690738754696e-16
1.414213562373095
1.4142135623730943
2.8284271247461903
-5.65685424949238
-4.2426406871192865
2.828427124746189
4.242640687119286
-9.899494936611664
-8.485281374238571
4.242640687119284
5.656854249492381
-1.414213562373095
-3.3306690738754696e-16
-3.3306690738754696e-16
1.414213562373095
9.899494936611662
11.313708498984763
5.656854249492378
7.071067811865476
4.242640687119284
5.656854249492381
2.828427124746189
4.242640687119286
1.4142135623730943
2.8284271247461903
5.656854249492378
7.071067811865476
9.899494936611662
11.313708498984763
4.242640687119284
5.656854249492381
8.485281374238568
9.899494936611667
4.242640687119284
5.656854249492381
2.828427124746189
4.242640687119286
4.242640687119284
5.656854249492381
2.828427124746189
4.242640687119286
-3.3306690738754696e-16
1.414213562373095
-8.485281374238568
-7.071067811865477
1.4142135623730943
2.8284271247461903
-9.899494936611664
-8.485281374238571
-3.3306690738754696e-16
1.414213562373095
-2.82842712474619
-1.4142135623730954
-3.3306690738754696e-16
1.414213562373095
5.656854249492378
7.071067811865476
4.242640687119284
5.656854249492381
-1.414213562373095
-3.3306690738754696e-16
1.4142135623730943
2.8284271247461903
-3.3306690738754696e-16
1.414213562373095
1.4142135623730943
2.8284271247461903
7.071067811865473
8.485281374238571
-3.3306690738754696e-16
1.414213562373095
-2.82842712474619
-1.4142135623730954
-3.3306690738754696e-16
1.414213562373095
-8.485281374238568
-7.071067811865477
1.4142135623730943
2.8284271247461903
5.656854249492378
7.071067811865476
-3.3306690738754696e-16
1.414213562373095
8.485281374238568
9.899494936611667
5.656854249492381
-1.414213562373094
-7.071067811865471
-14.142135623730951
5.656854249492381
-1.414213562373094
1.4142135623730967
-5.65685424949238
11.31370849898476
4.242640687119287
4.242640687119286
-2.828427124746189
11.31370849898476
4.242640687119287
5.656854249492381
-1.414213562373094
4.242640687119286
-2.828427124746189
1.7763568394002505e-15
-7.0710678118654755
11.31370849898476
4.242640687119287
5.656854249492381
-1.414213562373094
9.899494936611664
2.8284271247461925
-1.4142135623730931
-8.485281374238571
8.485281374238571
1.4142135623730967
7.0710678118654755
1.7763568394002505e-15
9.899494936611664
2.8284271247461925
2.828427124746191
-4.242640687119285
11.31370849898476
4.242640687119287
-5.656854249492377
-12.727922061357855
8.485281374238571
1.4142135623730967
11.31370849898476
4.242640687119287
11.31370849898476
4.242640687119287
1.4142135623730967
-5.65685424949238
4.242640687119286
-2.828427124746189
7.0710678118654755
1.7763568394002505e-15
7.0710678118654755
1.7763568394002505e-15
5.656854249492381
-1.414213562373094
8.485281374238571
1.4142135623730967
4.242640687119286
-2.828427124746189
5.656854249492381
-1.414213562373094
-7.071067811865471
-14.142135623730951
4.242640687119286
-2.828427124746189
-5.656854249492377
-12.727922061357855
5.656854249492381
-1.414213562373094
1.4142135623730967
-5.65685424949238
11.31370849898476
4.242640687119287
-2.828427124746187
-9.899494936611667
9.899494936611664
2.8284271247461925
-4.242640687119282
-11.313708498984761
8.485281374238571
1.4142135623730967
1.4142135623730967
-5.65685424949238
8.485281374238571
1.4142135623730967
-7.071067811865471
-14.142135623730951
11.31370849898476
4.242640687119287
4.242640687119286
-2.828427124746189
8.485281374238571
1.4142135623730967
5.656854249492381
-1.414213562373094
4.242640687119286
-2.828427124746189
5.656854249492381
-1.414213562373094
